@4000
00 00 00 00 00 00 00 00 00 00 00 00 00 00 00 00 
00 00 00 00 00 00 00 00 00 00 00 00 00 00 00 00 
00 00 00 00 00 00 00 00 00 00 00 00 00 00 00 00 
00 00 00 00 00 00 00 00 00 00 00 00 00 00 00 00 
00 00 00 00 00 00 00 00 00 00 00 00 00 00 00 00 
00 00 00 00 00 00 00 00 00 00 00 00 00 00 00 00 
00 00 00 00 00 00 00 00 00 00 00 00 00 00 00 00 
00 00 00 00 00 00 00 00 00 00 00 00 00 00 00 00 
00 00 00 00 00 00 00 00 00 00 00 00 00 00 00 00 
00 00 00 00 00 00 00 00 00 00 00 00 00 00 00 00 
00 00 00 00 00 00 00 00 00 00 00 00 00 00 00 00 
00 00 00 00 00 00 00 00 00 00 00 00 00 00 00 00 
00 00 00 00 00 00 00 00 00 00 00 00 00 00 00 00 
00 00 00 00 00 00 00 00 00 00 00 00 00 00 00 00 
00 00 00 00 00 00 00 00 00 00 00 00 00 00 00 00 
00 00 00 00 00 00 00 00 00 00 00 00 00 00 00 00 
00 00 00 00 00 00 00 00 00 00 00 00 00 00 00 00 
00 00 00 00 00 00 00 00 00 00 00 00 00 00 00 00 
00 00 00 00 00 00 00 00 00 00 00 00 00 00 00 00 
00 00 00 00 00 00 00 00 00 00 00 00 00 00 00 00 
00 00 00 00 00 00 00 00 00 00 00 00 00 00 00 00 
00 00 00 00 00 00 00 00 00 00 00 00 00 00 00 00 
00 00 00 00 00 00 00 00 00 00 00 00 00 00 00 00 
00 00 00 00 00 00 00 00 00 00 00 00 00 00 00 00 
00 00 00 00 00 00 00 00 00 00 00 00 00 00 00 00 
00 00 00 00 00 00 00 00 00 00 00 00 00 00 00 00 
00 00 00 00 00 00 00 00 00 00 00 00 00 00 00 00 
00 00 00 00 00 00 00 00 00 00 00 00 00 00 00 00 
00 00 00 00 00 00 00 00 00 00 00 00 00 00 00 00 
00 00 00 00 00 00 00 00 00 00 00 00 00 00 00 00 
00 00 00 00 00 00 00 00 00 00 00 00 00 00 00 00 
00 00 00 00 00 00 00 00 00 00 00 00 00 00 00 00 
00 00 00 00 00 00 00 00 00 00 00 00 00 00 00 00 
00 00 00 00 00 00 00 00 00 00 00 00 00 00 00 00 
00 00 00 00 00 00 00 00 00 00 00 00 00 00 00 00 
00 00 00 00 00 00 00 00 00 00 00 00 00 00 00 00 
00 00 00 00 00 00 00 00 00 00 00 00 00 00 00 00 
00 00 00 00 00 00 00 00 00 00 00 00 00 00 00 00 
00 00 00 00 00 00 00 00 00 00 00 00 00 00 00 00 
00 00 00 00 00 00 00 00 00 00 00 00 00 00 00 00 
00 00 00 00 00 00 00 00 00 00 00 00 00 00 00 00 
00 00 00 00 00 00 00 00 00 00 00 00 00 00 00 00 
00 00 00 00 00 00 00 00 00 00 00 00 00 00 00 00 
00 00 00 00 00 00 00 00 00 00 00 00 00 00 00 00 
00 00 00 00 00 00 00 00 00 00 00 00 00 00 00 00 
00 00 00 00 00 00 00 00 00 00 00 00 00 00 00 00 
00 00 00 00 00 00 00 00 00 00 00 00 00 00 00 00 
00 00 00 00 00 00 00 00 00 00 00 00 00 00 00 00 
00 00 00 00 00 00 00 00 00 00 00 00 00 00 00 00 
00 00 00 00 00 00 00 00 00 00 00 00 00 00 00 00 
00 00 00 00 00 00 00 00 00 00 00 00 00 00 00 00 
00 00 00 00 00 00 00 00 00 00 00 00 00 00 00 00 
00 00 00 00 00 00 00 00 00 00 00 00 00 00 00 00 
00 00 00 00 00 00 00 00 00 00 00 00 00 00 00 00 
00 00 00 00 00 00 00 00 00 00 00 00 00 00 00 00 
00 00 00 00 00 00 00 00 00 00 00 00 00 00 00 00 
00 00 00 00 00 00 00 00 00 00 00 00 00 00 00 00 
00 00 00 00 00 00 00 00 00 00 00 00 00 00 00 00 
00 00 00 00 00 00 00 00 00 00 00 00 00 00 00 00 
00 00 00 00 00 00 00 00 00 00 00 00 00 00 00 00 
00 00 00 00 00 00 00 00 00 00 00 00 00 00 00 00 
00 00 00 00 00 00 00 00 00 00 00 00 00 00 00 00 
00 00 00 00 00 00 00 00 00 00 00 00 00 00 00 00 
00 00 00 00 00 00 00 00 00 00 00 00 00 00 00 00 
00 00 00 00 00 00 00 00 00 00 00 00 00 00 00 00 
00 00 00 00 00 00 00 00 00 00 00 00 00 00 00 00 
00 00 00 00 00 00 00 00 00 00 00 00 00 00 00 00 
00 00 00 00 00 00 00 00 00 00 00 00 00 00 00 00 
00 00 00 00 00 00 00 00 00 00 00 00 00 00 00 00 
00 00 00 00 00 00 00 00 00 00 00 00 00 00 00 00 
00 00 00 00 00 00 00 00 00 00 00 00 00 00 00 00 
00 00 00 00 00 00 00 00 00 00 00 00 00 00 00 00 
00 00 00 00 00 00 00 00 00 00 00 00 00 00 00 00 
00 00 00 00 00 00 00 00 00 00 00 00 00 00 00 00 
00 00 00 00 00 00 00 00 00 00 00 00 00 00 00 00 
00 00 00 00 00 00 00 00 00 00 00 00 00 00 00 00 
00 00 00 00 00 00 00 00 00 00 00 00 00 00 00 00 
00 00 00 00 00 00 00 00 00 00 00 00 00 00 00 00 
00 00 00 00 00 00 00 00 00 00 00 00 00 00 00 00 
00 00 00 00 00 00 00 00 00 00 00 00 00 00 00 00 
00 00 00 00 00 00 00 00 00 00 00 00 00 00 00 00 
00 00 00 00 00 00 00 00 00 00 00 00 00 00 00 00 
00 00 00 00 00 00 00 00 00 00 00 00 00 00 00 00 
00 00 00 00 00 00 00 00 00 00 00 00 00 00 00 00 
00 00 00 00 00 00 00 00 00 00 00 00 00 00 00 00 
00 00 00 00 00 00 00 00 00 00 00 00 00 00 00 00 
00 00 00 00 00 00 00 00 00 00 00 00 00 00 00 00 
00 00 00 00 00 00 00 00 00 00 00 00 00 00 00 00 
00 00 00 00 00 00 00 00 00 00 00 00 00 00 00 00 
00 00 00 00 00 00 00 00 00 00 00 00 00 00 00 00 
00 00 00 00 00 00 00 00 00 00 00 00 00 00 00 00 
00 00 00 00 00 00 00 00 00 00 00 00 00 00 00 00 
00 00 00 00 00 00 00 00 00 00 00 00 00 00 00 00 
00 00 00 00 00 00 00 00 00 00 00 00 00 00 00 00 
00 00 00 00 00 00 00 00 00 00 00 00 00 00 00 00 
00 00 00 00 00 00 00 00 00 00 00 00 00 00 00 00 
00 00 00 00 00 00 00 00 00 00 00 00 00 00 00 00 
00 00 00 00 00 00 00 00 00 00 00 00 00 00 00 00 
00 00 00 00 00 00 00 00 00 00 00 00 00 00 00 00 
00 00 00 00 00 00 00 00 00 00 00 00 00 00 00 00 
00 00 00 00 00 00 00 00 00 00 00 00 00 00 00 00 
00 00 00 00 00 00 00 00 00 00 00 00 00 00 00 00 
00 00 00 00 00 00 00 00 00 00 00 00 00 00 00 00 
00 00 00 00 00 00 00 00 00 00 00 00 00 00 00 00 
00 00 00 00 00 00 00 00 00 00 00 00 00 00 00 00 
00 00 00 00 00 00 00 00 00 00 00 00 00 00 00 00 
00 00 00 00 00 00 00 00 00 00 00 00 00 00 00 00 
00 00 00 00 00 00 00 00 00 00 00 00 00 00 00 00 
00 00 00 00 00 00 00 00 00 00 00 00 00 00 00 00 
00 00 00 00 00 00 00 00 00 00 00 00 00 00 00 00 
00 00 00 00 00 00 00 00 00 00 00 00 00 00 00 00 
00 00 00 00 00 00 00 00 00 00 00 00 00 00 00 00 
00 00 00 00 00 00 00 00 00 00 00 00 00 00 00 00 
00 00 00 00 00 00 00 00 00 00 00 00 00 00 00 00 
00 00 00 00 00 00 00 00 00 00 00 00 00 00 00 00 
00 00 00 00 00 00 00 00 00 00 00 00 00 00 00 00 
00 00 00 00 00 00 00 00 00 00 00 00 00 00 00 00 
00 00 00 00 00 00 00 00 00 00 00 00 00 00 00 00 
00 00 00 00 00 00 00 00 00 00 00 00 00 00 00 00 
00 00 00 00 00 00 00 00 00 00 00 00 00 00 00 00 
00 00 00 00 00 00 00 00 00 00 00 00 00 00 00 00 
00 00 00 00 00 00 00 00 00 00 00 00 00 00 00 00 
00 00 00 00 00 00 00 00 00 00 00 00 00 00 00 00 
00 00 00 00 00 00 00 00 00 00 00 00 00 00 00 00 
00 00 00 00 00 00 00 00 00 00 00 00 00 00 00 00 
00 00 00 00 00 00 00 00 00 00 00 00 00 00 00 00 
00 00 00 00 00 00 00 00 00 00 00 00 00 00 00 00 
00 00 00 00 00 00 00 00 00 00 00 00 00 00 00 00 
00 00 00 00 00 00 00 00 00 00 00 00 00 00 00 00 
00 00 00 00 00 00 00 00 00 00 00 00 00 00 00 00 
00 00 00 00 00 00 00 00 00 00 00 00 00 00 00 00 
00 00 00 00 00 00 00 00 00 00 00 00 00 00 00 00 
00 00 00 00 00 00 00 00 00 00 00 00 00 00 00 00 
00 00 00 00 00 00 00 00 00 00 00 00 00 00 00 00 
00 00 00 00 00 00 00 00 00 00 00 00 00 00 00 00 
00 00 00 00 00 00 00 00 00 00 00 00 00 00 00 00 
00 00 00 00 00 00 00 00 00 00 00 00 00 00 00 00 
00 00 00 00 00 00 00 00 00 00 00 00 00 00 00 00 
00 00 00 00 00 00 00 00 00 00 00 00 00 00 00 00 
00 00 00 00 00 00 00 00 00 00 00 00 00 00 00 00 
00 00 00 00 00 00 00 00 00 00 00 00 00 00 00 00 
00 00 00 00 00 00 00 00 00 00 00 00 00 00 00 00 
00 00 00 00 00 00 00 00 00 00 00 00 00 00 00 00 
00 00 00 00 00 00 00 00 00 00 00 00 00 00 00 00 
00 00 00 00 00 00 00 00 00 00 00 00 00 00 00 00 
00 00 00 00 00 00 00 00 00 00 00 00 00 00 00 00 
00 00 00 00 00 00 00 00 00 00 00 00 00 00 00 00 
00 00 00 00 00 00 00 00 00 00 00 00 00 00 00 00 
00 00 00 00 00 00 00 00 00 00 00 00 00 00 00 00 
00 00 00 00 00 00 00 00 00 00 00 00 00 00 00 00 
00 00 00 00 00 00 00 00 00 00 00 00 00 00 00 00 
00 00 00 00 00 00 00 00 00 00 00 00 00 00 00 00 
00 00 00 00 00 00 00 00 00 00 00 00 00 00 00 00 
00 00 00 00 00 00 00 00 00 00 00 00 00 00 00 00 
00 00 00 00 00 00 00 00 00 00 00 00 00 00 00 00 
00 00 00 00 00 00 00 00 00 00 00 00 00 00 00 00 
00 00 00 00 00 00 00 00 00 00 00 00 00 00 00 00 
00 00 00 00 00 00 00 00 00 00 00 00 00 00 00 00 
00 00 00 00 00 00 00 00 00 00 00 00 00 00 00 00 
00 00 00 00 00 00 00 00 00 00 00 00 00 00 00 00 
00 00 00 00 00 00 00 00 00 00 00 00 00 00 00 00 
00 00 00 00 00 00 00 00 00 00 00 00 00 00 00 00 
00 00 00 00 00 00 00 00 00 00 00 00 00 00 00 00 
00 00 00 00 00 00 00 00 00 00 00 00 00 00 00 00 
00 00 00 00 00 00 00 00 00 00 00 00 00 00 00 00 
00 00 00 00 00 00 00 00 00 00 00 00 00 00 00 00 
00 00 00 00 00 00 00 00 00 00 00 00 00 00 00 00 
00 00 00 00 00 00 00 00 00 00 00 00 00 00 00 00 
00 00 00 00 00 00 00 00 00 00 00 00 00 00 00 00 
00 00 00 00 00 00 00 00 00 00 00 00 00 00 00 00 
00 00 00 00 00 00 00 00 00 00 00 00 00 00 00 00 
00 00 00 00 00 00 00 00 00 00 00 00 00 00 00 00 
00 00 00 00 00 00 00 00 00 00 00 00 00 00 00 00 
00 00 00 00 00 00 00 00 00 00 00 00 00 00 00 00 
00 00 00 00 00 00 00 00 00 00 00 00 00 00 00 00 
00 00 00 00 00 00 00 00 00 00 00 00 00 00 00 00 
00 00 00 00 00 00 00 00 00 00 00 00 00 00 00 00 
00 00 00 00 00 00 00 00 00 00 00 00 00 00 00 00 
00 00 00 00 00 00 00 00 00 00 00 00 00 00 00 00 
00 00 00 00 00 00 00 00 00 00 00 00 00 00 00 00 
00 00 00 00 00 00 00 00 00 00 00 00 00 00 00 00 
00 00 00 00 00 00 00 00 00 00 00 00 00 00 00 00 
00 00 00 00 00 00 00 00 00 00 00 00 00 00 00 00 
00 00 00 00 00 00 00 00 00 00 00 00 00 00 00 00 
00 00 00 00 00 00 00 00 00 00 00 00 00 00 00 00 
00 00 00 00 00 00 00 00 00 00 00 00 00 00 00 00 
00 00 00 00 00 00 00 00 00 00 00 00 00 00 00 00 
00 00 00 00 00 00 00 00 00 00 00 00 00 00 00 00 
00 00 00 00 00 00 00 00 00 00 00 00 00 00 00 00 
00 00 00 00 00 00 00 00 00 00 00 00 00 00 00 00 
00 00 00 00 00 00 00 00 00 00 00 00 00 00 00 00 
00 00 00 00 00 00 00 00 00 00 00 00 00 00 00 00 
00 00 00 00 00 00 00 00 00 00 00 00 00 00 00 00 
00 00 00 00 00 00 00 00 00 00 00 00 00 00 00 00 
00 00 00 00 00 00 00 00 00 00 00 00 00 00 00 00 
00 00 00 00 00 00 00 00 00 00 00 00 00 00 00 00 
00 00 00 00 00 00 00 00 00 00 00 00 00 00 00 00 
00 00 00 00 00 00 00 00 00 00 00 00 00 00 00 00 
00 00 00 00 00 00 00 00 00 00 00 00 00 00 00 00 
00 00 00 00 00 00 00 00 00 00 00 00 00 00 00 00 
00 00 00 00 00 00 00 00 00 00 00 00 00 00 00 00 
00 00 00 00 00 00 00 00 00 00 00 00 00 00 00 00 
00 00 00 00 00 00 00 00 00 00 00 00 00 00 00 00 
00 00 00 00 00 00 00 00 00 00 00 00 00 00 00 00 
00 00 00 00 00 00 00 00 00 00 00 00 00 00 00 00 
00 00 00 00 00 00 00 00 00 00 00 00 00 00 00 00 
00 00 00 00 00 00 00 00 00 00 00 00 00 00 00 00 
00 00 00 00 00 00 00 00 00 00 00 00 00 00 00 00 
00 00 00 00 00 00 00 00 00 00 00 00 00 00 00 00 
00 00 00 00 00 00 00 00 00 00 00 00 00 00 00 00 
00 00 00 00 00 00 00 00 00 00 00 00 00 00 00 00 
00 00 00 00 00 00 00 00 00 00 00 00 00 00 00 00 
00 00 00 00 00 00 00 00 00 00 00 00 00 00 00 00 
00 00 00 00 00 00 00 00 00 00 00 00 00 00 00 00 
00 00 00 00 00 00 00 00 00 00 00 00 00 00 00 00 
00 00 00 00 00 00 00 00 00 00 00 00 00 00 00 00 
00 00 00 00 00 00 00 00 00 00 00 00 00 00 00 00 
00 00 00 00 00 00 00 00 00 00 00 00 00 00 00 00 
00 00 00 00 00 00 00 00 00 00 00 00 00 00 00 00 
00 00 00 00 00 00 00 00 00 00 00 00 00 00 00 00 
00 00 00 00 00 00 00 00 00 00 00 00 00 00 00 00 
00 00 00 00 00 00 00 00 00 00 00 00 00 00 00 00 
00 00 00 00 00 00 00 00 00 00 00 00 00 00 00 00 
00 00 00 00 00 00 00 00 00 00 00 00 00 00 00 00 
00 00 00 00 00 00 00 00 00 00 00 00 00 00 00 00 
00 00 00 00 00 00 00 00 00 00 00 00 00 00 00 00 
00 00 00 00 00 00 00 00 00 00 00 00 00 00 00 00 
00 00 00 00 00 00 00 00 00 00 00 00 00 00 00 00 
00 00 00 00 00 00 00 00 00 00 00 00 00 00 00 00 
00 00 00 00 00 00 00 00 00 00 00 00 00 00 00 00 
00 00 00 00 00 00 00 00 00 00 00 00 00 00 00 00 
00 00 00 00 00 00 00 00 00 00 00 00 00 00 00 00 
00 00 00 00 00 00 00 00 00 00 00 00 00 00 00 00 
00 00 00 00 00 00 00 00 00 00 00 00 00 00 00 00 
00 00 00 00 00 00 00 00 00 00 00 00 00 00 00 00 
00 00 00 00 00 00 00 00 00 00 00 00 00 00 00 00 
00 00 00 00 00 00 00 00 00 00 00 00 00 00 00 00 
00 00 00 00 00 00 00 00 00 00 00 00 00 00 00 00 
00 00 00 00 00 00 00 00 00 00 00 00 00 00 00 00 
00 00 00 00 00 00 00 00 00 00 00 00 00 00 00 00 
00 00 00 00 00 00 00 00 00 00 00 00 00 00 00 00 
00 00 00 00 00 00 00 00 00 00 00 00 00 00 00 00 
00 00 00 00 00 00 00 00 00 00 00 00 00 00 00 00 
00 00 00 00 00 00 00 00 00 00 00 00 00 00 00 00 
00 00 00 00 00 00 00 00 00 00 00 00 00 00 00 00 
00 00 00 00 00 00 00 00 00 00 00 00 00 00 00 00 
00 00 00 00 00 00 00 00 00 00 00 00 00 00 00 00 
00 00 00 00 00 00 00 00 00 00 00 00 00 00 00 00 
00 00 00 00 00 00 00 00 00 00 00 00 00 00 00 00 
00 00 00 00 00 00 00 00 00 00 00 00 00 00 00 00 
00 00 00 00 00 00 00 00 00 00 00 00 00 00 00 00 
00 00 00 00 00 00 00 00 00 00 00 00 00 00 00 00 
00 00 00 00 00 00 00 00 00 00 00 00 00 00 00 00 
00 00 00 00 00 00 00 00 00 00 00 00 00 00 00 00 
00 00 00 00 00 00 00 00 00 00 00 00 00 00 00 00 
00 00 00 00 00 00 00 00 00 00 00 00 00 00 00 00 
00 00 00 00 00 00 00 00 00 00 00 00 00 00 00 00 
00 00 00 00 00 00 00 00 00 00 00 00 00 00 00 00 
00 00 00 00 00 00 00 00 00 00 00 00 00 00 00 00 
00 00 00 00 00 00 00 00 00 00 00 00 00 00 00 00 
00 00 00 00 00 00 00 00 00 00 00 00 00 00 00 00 
00 00 00 00 00 00 00 00 00 00 00 00 00 00 00 00 
00 00 00 00 00 00 00 00 00 00 00 00 00 00 00 00 
00 00 00 00 00 00 00 00 00 00 00 00 00 00 00 00 
00 00 00 00 00 00 00 00 00 00 00 00 00 00 00 00 
00 00 00 00 00 00 00 00 00 00 00 00 00 00 00 00 
00 00 00 00 00 00 00 00 00 00 00 00 00 00 00 00 
00 00 00 00 00 00 00 00 00 00 00 00 00 00 00 00 
00 00 00 00 00 00 00 00 00 00 00 00 00 00 00 00 
00 00 00 00 00 00 00 00 00 00 00 00 00 00 00 00 
00 00 00 00 00 00 00 00 00 00 00 00 00 00 00 00 
00 00 00 00 00 00 00 00 00 00 00 00 00 00 00 00 
00 00 00 00 00 00 00 00 00 00 00 00 00 00 00 00 
00 00 00 00 00 00 00 00 00 00 00 00 00 00 00 00 
00 00 00 00 00 00 00 00 00 00 00 00 00 00 00 00 
00 00 00 00 00 00 00 00 00 00 00 00 00 00 00 00 
00 00 00 00 00 00 00 00 00 00 00 00 00 00 00 00 
00 00 00 00 00 00 00 00 00 00 00 00 00 00 00 00 
00 00 00 00 00 00 00 00 00 00 00 00 00 00 00 00 
00 00 00 00 00 00 00 00 00 00 00 00 00 00 00 00 
00 00 00 00 00 00 00 00 00 00 00 00 00 00 00 00 
00 00 00 00 00 00 00 00 00 00 00 00 00 00 00 00 
00 00 00 00 00 00 00 00 00 00 00 00 00 00 00 00 
00 00 00 00 00 00 00 00 00 00 00 00 00 00 00 00 
00 00 00 00 00 00 00 00 00 00 00 00 00 00 00 00 
00 00 00 00 00 00 00 00 00 00 00 00 00 00 00 00 
00 00 00 00 00 00 00 00 00 00 00 00 00 00 00 00 
00 00 00 00 00 00 00 00 00 00 00 00 00 00 00 00 
00 00 00 00 00 00 00 00 00 00 00 00 00 00 00 00 
00 00 00 00 00 00 00 00 00 00 00 00 00 00 00 00 
00 00 00 00 00 00 00 00 00 00 00 00 00 00 00 00 
00 00 00 00 00 00 00 00 00 00 00 00 00 00 00 00 
00 00 00 00 00 00 00 00 00 00 00 00 00 00 00 00 
00 00 00 00 00 00 00 00 00 00 00 00 00 00 00 00 
00 00 00 00 00 00 00 00 00 00 00 00 00 00 00 00 
00 00 00 00 00 00 00 00 00 00 00 00 00 00 00 00 
00 00 00 00 00 00 00 00 00 00 00 00 00 00 00 00 
00 00 00 00 00 00 00 00 00 00 00 00 00 00 00 00 
00 00 00 00 00 00 00 00 00 00 00 00 00 00 00 00 
00 00 00 00 00 00 00 00 00 00 00 00 00 00 00 00 
00 00 00 00 00 00 00 00 00 00 00 00 00 00 00 00 
00 00 00 00 00 00 00 00 00 00 00 00 00 00 00 00 
00 00 00 00 00 00 00 00 00 00 00 00 00 00 00 00 
00 00 00 00 00 00 00 00 00 00 00 00 00 00 00 00 
00 00 00 00 00 00 00 00 00 00 00 00 00 00 00 00 
00 00 00 00 00 00 00 00 00 00 00 00 00 00 00 00 
00 00 00 00 00 00 00 00 00 00 00 00 00 00 00 00 
00 00 00 00 00 00 00 00 00 00 00 00 00 00 00 00 
00 00 00 00 00 00 00 00 00 00 00 00 00 00 00 00 
00 00 00 00 00 00 00 00 00 00 00 00 00 00 00 00 
00 00 00 00 00 00 00 00 00 00 00 00 00 00 00 00 
00 00 00 00 00 00 00 00 00 00 00 00 00 00 00 00 
00 00 00 00 00 00 00 00 00 00 00 00 00 00 00 00 
00 00 00 00 00 00 00 00 00 00 00 00 00 00 00 00 
00 00 00 00 00 00 00 00 00 00 00 00 00 00 00 00 
00 00 00 00 00 00 00 00 00 00 00 00 00 00 00 00 
00 00 00 00 00 00 00 00 00 00 00 00 00 00 00 00 
00 00 00 00 00 00 00 00 00 00 00 00 00 00 00 00 
00 00 00 00 00 00 00 00 00 00 00 00 00 00 00 00 
00 00 00 00 00 00 00 00 00 00 00 00 00 00 00 00 
00 00 00 00 00 00 00 00 00 00 00 00 00 00 00 00 
00 00 00 00 00 00 00 00 00 00 00 00 00 00 00 00 
00 00 00 00 00 00 00 00 00 00 00 00 00 00 00 00 
00 00 00 00 00 00 00 00 00 00 00 00 00 00 00 00 
00 00 00 00 00 00 00 00 00 00 00 00 00 00 00 00 
00 00 00 00 00 00 00 00 00 00 00 00 00 00 00 00 
00 00 00 00 00 00 00 00 00 00 00 00 00 00 00 00 
00 00 00 00 00 00 00 00 00 00 00 00 00 00 00 00 
00 00 00 00 00 00 00 00 00 00 00 00 00 00 00 00 
00 00 00 00 00 00 00 00 00 00 00 00 00 00 00 00 
00 00 00 00 00 00 00 00 00 00 00 00 00 00 00 00 
00 00 00 00 00 00 00 00 00 00 00 00 00 00 00 00 
00 00 00 00 00 00 00 00 00 00 00 00 00 00 00 00 
00 00 00 00 00 00 00 00 00 00 00 00 00 00 00 00 
00 00 00 00 00 00 00 00 00 00 00 00 00 00 00 00 
00 00 00 00 00 00 00 00 00 00 00 00 00 00 00 00 
00 00 00 00 00 00 00 00 00 00 00 00 00 00 00 00 
00 00 00 00 00 00 00 00 00 00 00 00 00 00 00 00 
00 00 00 00 00 00 00 00 00 00 00 00 00 00 00 00 
00 00 00 00 00 00 00 00 00 00 00 00 00 00 00 00 
00 00 00 00 00 00 00 00 00 00 00 00 00 00 00 00 
00 00 00 00 00 00 00 00 00 00 00 00 00 00 00 00 
00 00 00 00 00 00 00 00 00 00 00 00 00 00 00 00 
00 00 00 00 00 00 00 00 00 00 00 00 00 00 00 00 
00 00 00 00 00 00 00 00 00 00 00 00 00 00 00 00 
00 00 00 00 00 00 00 00 00 00 00 00 00 00 00 00 
00 00 00 00 00 00 00 00 00 00 00 00 00 00 00 00 
00 00 00 00 00 00 00 00 00 00 00 00 00 00 00 00 
00 00 00 00 00 00 00 00 00 00 00 00 00 00 00 00 
00 00 00 00 00 00 00 00 00 00 00 00 00 00 00 00 
00 00 00 00 00 00 00 00 00 00 00 00 00 00 00 00 
00 00 00 00 00 00 00 00 00 00 00 00 00 00 00 00 
00 00 00 00 00 00 00 00 00 00 00 00 00 00 00 00 
00 00 00 00 00 00 00 00 00 00 00 00 00 00 00 00 
00 00 00 00 00 00 00 00 00 00 00 00 00 00 00 00 
00 00 00 00 00 00 00 00 00 00 00 00 00 00 00 00 
00 00 00 00 00 00 00 00 00 00 00 00 00 00 00 00 
00 00 00 00 00 00 00 00 00 00 00 00 00 00 00 00 
00 00 00 00 00 00 00 00 00 00 00 00 00 00 00 00 
00 00 00 00 00 00 00 00 00 00 00 00 00 00 00 00 
00 00 00 00 00 00 00 00 00 00 00 00 00 00 00 00 
00 00 00 00 00 00 00 00 00 00 00 00 00 00 00 00 
00 00 00 00 00 00 00 00 00 00 00 00 00 00 00 00 
00 00 00 00 00 00 00 00 00 00 00 00 00 00 00 00 
00 00 00 00 00 00 00 00 00 00 00 00 00 00 00 00 
00 00 00 00 00 00 00 00 00 00 00 00 00 00 00 00 
00 00 00 00 00 00 00 00 00 00 00 00 00 00 00 00 
00 00 00 00 00 00 00 00 00 00 00 00 00 00 00 00 
00 00 00 00 00 00 00 00 00 00 00 00 00 00 00 00 
00 00 00 00 00 00 00 00 00 00 00 00 00 00 00 00 
00 00 00 00 00 00 00 00 00 00 00 00 00 00 00 00 
00 00 00 00 00 00 00 00 00 00 00 00 00 00 00 00 
00 00 00 00 00 00 00 00 00 00 00 00 00 00 00 00 
00 00 00 00 00 00 00 00 00 00 00 00 00 00 00 00 
00 00 00 00 00 00 00 00 00 00 00 00 00 00 00 00 
00 00 00 00 00 00 00 00 00 00 00 00 00 00 00 00 
00 00 00 00 00 00 00 00 00 00 00 00 00 00 00 00 
00 00 00 00 00 00 00 00 00 00 00 00 00 00 00 00 
00 00 00 00 00 00 00 00 00 00 00 00 00 00 00 00 
00 00 00 00 00 00 00 00 00 00 00 00 00 00 00 00 
00 00 00 00 00 00 00 00 00 00 00 00 00 00 00 00 
00 00 00 00 00 00 00 00 00 00 00 00 00 00 00 00 
00 00 00 00 00 00 00 00 00 00 00 00 00 00 00 00 
00 00 00 00 00 00 00 00 00 00 00 00 00 00 00 00 
00 00 00 00 00 00 00 00 00 00 00 00 00 00 00 00 
00 00 00 00 00 00 00 00 00 00 00 00 00 00 00 00 
00 00 00 00 00 00 00 00 00 00 00 00 00 00 00 00 
00 00 00 00 00 00 00 00 00 00 00 00 00 00 00 00 
00 00 00 00 00 00 00 00 00 00 00 00 00 00 00 00 
00 00 00 00 00 00 00 00 00 00 00 00 00 00 00 00 
00 00 00 00 00 00 00 00 00 00 00 00 00 00 00 00 
00 00 00 00 00 00 00 00 00 00 00 00 00 00 00 00 
00 00 00 00 00 00 00 00 00 00 00 00 00 00 00 00 
00 00 00 00 00 00 00 00 00 00 00 00 00 00 00 00 
00 00 00 00 00 00 00 00 00 00 00 00 00 00 00 00 
00 00 00 00 00 00 00 00 00 00 00 00 00 00 00 00 
00 00 00 00 00 00 00 00 00 00 00 00 00 00 00 00 
00 00 00 00 00 00 00 00 00 00 00 00 00 00 00 00 
00 00 00 00 00 00 00 00 00 00 00 00 00 00 00 00 
00 00 00 00 00 00 00 00 00 00 00 00 00 00 00 00 
00 00 00 00 00 00 00 00 00 00 00 00 00 00 00 00 
00 00 00 00 00 00 00 00 00 00 00 00 00 00 00 00 
00 00 00 00 00 00 00 00 00 00 00 00 00 00 00 00 
00 00 00 00 00 00 00 00 00 00 00 00 00 00 00 00 
00 00 00 00 00 00 00 00 00 00 00 00 00 00 00 00 
00 00 00 00 00 00 00 00 00 00 00 00 00 00 00 00 
00 00 00 00 00 00 00 00 00 00 00 00 00 00 00 00 
00 00 00 00 00 00 00 00 00 00 00 00 00 00 00 00 
00 00 00 00 00 00 00 00 00 00 00 00 00 00 00 00 
00 00 00 00 00 00 00 00 00 00 00 00 00 00 00 00 
00 00 00 00 00 00 00 00 00 00 00 00 00 00 00 00 
00 00 00 00 00 00 00 00 00 00 00 00 00 00 00 00 
00 00 00 00 00 00 00 00 00 00 00 00 00 00 00 00 
00 00 00 00 00 00 00 00 00 00 00 00 00 00 00 00 
00 00 00 00 00 00 00 00 00 00 00 00 00 00 00 00 
00 00 00 00 00 00 00 00 00 00 00 00 00 00 00 00 
00 00 00 00 00 00 00 00 00 00 00 00 00 00 00 00 
00 00 00 00 00 00 00 00 00 00 00 00 00 00 00 00 
00 00 00 00 00 00 00 00 00 00 00 00 00 00 00 00 
00 00 00 00 00 00 00 00 00 00 00 00 00 00 00 00 
00 00 00 00 00 00 00 00 00 00 00 00 00 00 00 00 
00 00 00 00 00 00 00 00 00 00 00 00 00 00 00 00 
00 00 00 00 00 00 00 00 00 00 00 00 00 00 00 00 
00 00 00 00 00 00 00 00 00 00 00 00 00 00 00 00 
00 00 00 00 00 00 00 00 00 00 00 00 00 00 00 00 
00 00 00 00 00 00 00 00 00 00 00 00 00 00 00 00 
00 00 00 00 00 00 00 00 00 00 00 00 00 00 00 00 
00 00 00 00 00 00 00 00 00 00 00 00 00 00 00 00 
00 00 00 00 00 00 00 00 00 00 00 00 00 00 00 00 
00 00 00 00 00 00 00 00 00 00 00 00 00 00 00 00 
00 00 00 00 00 00 00 00 00 00 00 00 00 00 00 00 
00 00 00 00 00 00 00 00 00 00 00 00 00 00 00 00 
00 00 00 00 00 00 00 00 00 00 00 00 00 00 00 00 
00 00 00 00 00 00 00 00 00 00 00 00 00 00 00 00 
00 00 00 00 00 00 00 00 00 00 00 00 00 00 00 00 
00 00 00 00 00 00 00 00 00 00 00 00 00 00 00 00 
00 00 00 00 00 00 00 00 00 00 00 00 00 00 00 00 
00 00 00 00 00 00 00 00 00 00 00 00 00 00 00 00 
00 00 00 00 00 00 00 00 00 00 00 00 00 00 00 00 
00 00 00 00 00 00 00 00 00 00 00 00 00 00 00 00 
00 00 00 00 00 00 00 00 00 00 00 00 00 00 00 00 
00 00 00 00 00 00 00 00 00 00 00 00 00 00 00 00 
00 00 00 00 00 00 00 00 00 00 00 00 00 00 00 00 
00 00 00 00 00 00 00 00 00 00 00 00 00 00 00 00 
00 00 00 00 00 00 00 00 00 00 00 00 00 00 00 00 
00 00 00 00 00 00 00 00 00 00 00 00 00 00 00 00 
00 00 00 00 00 00 00 00 00 00 00 00 00 00 00 00 
00 00 00 00 00 00 00 00 00 00 00 00 00 00 00 00 
00 00 00 00 00 00 00 00 00 00 00 00 00 00 00 00 
00 00 00 00 00 00 00 00 00 00 00 00 00 00 00 00 
00 00 00 00 00 00 00 00 00 00 00 00 00 00 00 00 
00 00 00 00 00 00 00 00 00 00 00 00 00 00 00 00 
00 00 00 00 00 00 00 00 00 00 00 00 00 00 00 00 
00 00 00 00 00 00 00 00 00 00 00 00 00 00 00 00 
00 00 00 00 00 00 00 00 00 00 00 00 00 00 00 00 
00 00 00 00 00 00 00 00 00 00 00 00 00 00 00 00 
00 00 00 00 00 00 00 00 00 00 00 00 00 00 00 00 
00 00 00 00 00 00 00 00 00 00 00 00 00 00 00 00 
00 00 00 00 00 00 00 00 00 00 00 00 00 00 00 00 
00 00 00 00 00 00 00 00 00 00 00 00 00 00 00 00 
00 00 00 00 00 00 00 00 00 00 00 00 00 00 00 00 
00 00 00 00 00 00 00 00 00 00 00 00 00 00 00 00 
00 00 00 00 00 00 00 00 00 00 00 00 00 00 00 00 
00 00 00 00 00 00 00 00 00 00 00 00 00 00 00 00 
00 00 00 00 00 00 00 00 00 00 00 00 00 00 00 00 
00 00 00 00 00 00 00 00 00 00 00 00 00 00 00 00 
00 00 00 00 00 00 00 00 00 00 00 00 00 00 00 00 
00 00 00 00 00 00 00 00 00 00 00 00 00 00 00 00 
00 00 00 00 00 00 00 00 00 00 00 00 00 00 00 00 
00 00 00 00 00 00 00 00 00 00 00 00 00 00 00 00 
00 00 00 00 00 00 00 00 00 00 00 00 00 00 00 00 
00 00 00 00 00 00 00 00 00 00 00 00 00 00 00 00 
00 00 00 00 00 00 00 00 00 00 00 00 00 00 00 00 
00 00 00 00 00 00 00 00 00 00 00 00 00 00 00 00 
00 00 00 00 00 00 00 00 00 00 00 00 00 00 00 00 
00 00 00 00 00 00 00 00 00 00 00 00 00 00 00 00 
00 00 00 00 00 00 00 00 00 00 00 00 00 00 00 00 
00 00 00 00 00 00 00 00 00 00 00 00 00 00 00 00 
00 00 00 00 00 00 00 00 00 00 00 00 00 00 00 00 
00 00 00 00 00 00 00 00 00 00 00 00 00 00 00 00 
00 00 00 00 00 00 00 00 00 00 00 00 00 00 00 00 
00 00 00 00 00 00 00 00 00 00 00 00 00 00 00 00 
00 00 00 00 00 00 00 00 00 00 00 00 00 00 00 00 
00 00 00 00 00 00 00 00 00 00 00 00 00 00 00 00 
00 00 00 00 00 00 00 00 00 00 00 00 00 00 00 00 
00 00 00 00 00 00 00 00 00 00 00 00 00 00 00 00 
00 00 00 00 00 00 00 00 00 00 00 00 00 00 00 00 
00 00 00 00 00 00 00 00 00 00 00 00 00 00 00 00 
00 00 00 00 00 00 00 00 00 00 00 00 00 00 00 00 
00 00 00 00 00 00 00 00 00 00 00 00 00 00 00 00 
00 00 00 00 00 00 00 00 00 00 00 00 00 00 00 00 
00 00 00 00 00 00 00 00 00 00 00 00 00 00 00 00 
00 00 00 00 00 00 00 00 00 00 00 00 00 00 00 00 
00 00 00 00 00 00 00 00 00 00 00 00 00 00 00 00 
00 00 00 00 00 00 00 00 00 00 00 00 00 00 00 00 
00 00 00 00 00 00 00 00 00 00 00 00 00 00 00 00 
00 00 00 00 00 00 00 00 00 00 00 00 00 00 00 00 
00 00 00 00 00 00 00 00 00 00 00 00 00 00 00 00 
00 00 00 00 00 00 00 00 00 00 00 00 00 00 00 00 
00 00 00 00 00 00 00 00 00 00 00 00 00 00 00 00 
00 00 00 00 00 00 00 00 00 00 00 00 00 00 00 00 
00 00 00 00 00 00 00 00 00 00 00 00 00 00 00 00 
00 00 00 00 00 00 00 00 00 00 00 00 00 00 00 00 
00 00 00 00 00 00 00 00 00 00 00 00 00 00 00 00 
00 00 00 00 00 00 00 00 00 00 00 00 00 00 00 00 
00 00 00 00 00 00 00 00 00 00 00 00 00 00 00 00 
00 00 00 00 00 00 00 00 00 00 00 00 00 00 00 00 
00 00 00 00 00 00 00 00 00 00 00 00 00 00 00 00 
00 00 00 00 00 00 00 00 00 00 00 00 00 00 00 00 
00 00 00 00 00 00 00 00 00 00 00 00 00 00 00 00 
00 00 00 00 00 00 00 00 00 00 00 00 00 00 00 00 
00 00 00 00 00 00 00 00 00 00 00 00 00 00 00 00 
4F 14 F1 03 B2 93 8C 27 03 24 92 93 8C 27 1E 38 
92 53 8A 27 B2 90 96 00 8A 27 18 28 C2 93 8E 27 
0E 24 E1 43 00 00 CC 01 1D 43 4E 43 B1 13 D4 1D 
5D 42 8E 27 8C 00 18 25 5E 43 B1 13 D4 1D 82 43 
8A 27 92 93 8C 27 02 38 92 83 8C 27 D2 53 88 27 
F2 90 0A 00 88 27 06 20 5C 43 1D 43 B1 13 CC 1C 
C2 43 88 27 A2 93 90 27 0C 20 D2 53 89 27 F2 90 
0B 00 89 27 08 28 92 42 1C 27 1A 27 B1 13 DC 13 
02 3C C2 43 89 27 82 93 90 27 1D 20 92 92 7C 27 
62 27 0B 20 D2 53 65 27 F2 90 0B 00 65 27 0A 28 
82 43 56 27 B1 13 DC 13 05 3C C2 43 65 27 92 42 
7C 27 62 27 5C 43 2D 43 B1 13 94 1C 5C 43 2D 42 
B1 13 B0 1C 08 3C 5C 43 2D 43 B1 13 B0 1C 5C 43 
2D 42 B1 13 94 1C E1 03 4B 16 00 13 4F 14 1F 42 
DE 05 2F 83 08 24 3F 80 06 00 0C 20 8C 00 38 26 
B1 13 34 05 07 3C 1D 42 CC 05 4D 4D 8C 00 38 26 
B1 13 08 09 4B 16 00 13 4F 14 1F 42 FE 05 2F 83 
08 24 3F 80 06 00 0C 20 8C 00 52 26 B1 13 34 05 
07 3C 1D 42 EC 05 4D 4D 8C 00 52 26 B1 13 08 09 
4B 16 00 13 4F 14 6C 42 3D 42 B1 13 DC 1B 3C B2 
0A 24 8C 00 66 27 8D 01 8E 0D B1 13 4A 1E 6C 42 
3D 42 B1 13 3A 1C 4B 16 00 13 81 00 00 2C B1 13 
66 1A B1 13 10 1F 0C 93 02 24 B1 13 0A 17 0C 43 
B1 13 AE 17 1C 43 B1 13 0A 1F 0F 14 1F 42 AE 06 
0F 16 00 13 32 D0 10 00 FD 3F 03 43 00 00 00 02 
00 02 20 02 20 02 40 02 40 02 60 02 60 02 FF FF 
FF FF FF FF FF FF 20 03 00 00 00 00 00 00 00 00 
00 00 00 00 00 00 00 00 00 00 00 00 00 00 00 00 
00 00 00 00 00 00 00 00 00 00 00 00 00 00 00 00 
00 00 00 00 00 00 00 00 00 00 00 01 00 00 CD 0C 
00 00 10 00 04 00 01 00 00 00 00 00 00 00 00 00 
00 00 00 00 00 00 00 00 00 00 00 00 00 00 00 00 
00 00 00 00 00 00 00 00 00 00 00 00 00 00 00 00 
00 00 00 00 00 00 00 00 00 00 00 00 00 00 00 00 
00 00 00 00 00 00 00 00 00 00 00 00 00 00 00 00 
01 01 01 03 03 00 01 
@6238
01 FD 00 00 0F 13 FF FF 00 00 01 00 01 00 FF F0 
50 1B 01 00 72 10 01 00 C2 1D 01 00 00 00 66 0B 
00 00 38 62 00 00 66 27 00 00 54 62 00 00 00 1C 
00 00 
@ff80
FF FF FF FF FF FF FF FF FF FF FF FF FF FF FF FF 
@ffb4
84 61 84 61 84 61 84 61 84 61 7A 61 84 61 84 61 
84 61 84 61 84 61 84 61 84 61 84 61 34 61 84 61 
84 61 84 61 84 61 84 61 84 61 84 61 84 61 84 61 
84 61 08 61 84 61 00 60 84 61 84 61 DC 60 84 61 
84 61 84 61 84 61 84 61 84 61 5A 61 00 18 F2 40 
00 40 CC 26 B2 40 00 20 D0 26 82 43 D4 26 00 18 
F2 40 58 24 D6 26 B2 40 20 00 DC 26 82 43 DA 26 
82 43 D2 26 00 18 F2 40 00 1E 14 27 B2 40 00 02 
18 27 00 18 F2 40 1A 26 1E 27 B2 40 05 00 24 27 
82 43 22 27 82 43 1A 27 00 18 F2 40 00 1C 02 27 
B2 40 00 02 06 27 00 18 F2 40 FC 25 0C 27 B2 40 
05 00 12 27 82 43 10 27 82 43 08 27 00 18 F2 40 
00 21 F0 26 B2 40 00 01 F4 26 00 18 F2 40 32 27 
FA 26 A2 43 00 27 82 43 FE 26 82 43 F6 26 00 18 
F2 40 00 20 DE 26 B2 40 00 01 E2 26 00 18 F2 40 
26 27 E8 26 A2 43 EE 26 82 43 EC 26 82 43 E4 26 
00 18 F2 40 6C 26 40 27 82 43 3E 27 00 18 F2 40 
CC 26 6C 26 82 43 70 26 00 18 F2 40 14 27 72 26 
82 43 76 26 00 18 F2 40 F0 26 78 26 82 43 7C 26 
00 18 F2 40 84 26 52 27 82 43 50 27 00 18 F2 40 
CC 26 84 26 82 43 88 26 00 18 F2 40 DE 26 8A 26 
82 43 8E 26 00 18 F2 40 14 27 90 26 82 43 94 26 
00 18 F2 40 9C 26 58 27 82 43 56 27 00 18 F2 40 
CC 26 9C 26 82 43 A0 26 00 18 F2 40 F0 26 A2 26 
82 43 A6 26 00 18 F2 40 4A 27 46 27 82 43 44 27 
00 18 F2 40 F0 26 4A 27 82 43 4E 27 8C 00 3E 27 
8D 00 CC 26 B1 13 FE 1B 8C 00 44 27 8D 00 DE 26 
B1 13 1C 1C 10 01 5C 43 3D 40 FF 00 B1 13 B0 1C 
6C 43 3D 40 9C 00 B1 13 B0 1C 7C 40 03 00 3D 40 
FF 00 B1 13 B0 1C 6C 42 3D 40 F6 00 B1 13 B0 1C 
7C 40 05 00 3D 40 CF 00 B1 13 B0 1C 7C 40 06 00 
3D 40 FF 00 B1 13 B0 1C 7C 40 07 00 3D 40 FF 00 
B1 13 B0 1C 7C 42 3D 40 FF 00 B1 13 B0 1C 7C 40 
0D 00 3D 43 B1 13 B0 1C 6C 42 1D 43 B1 13 94 1C 
6C 42 2D 43 B1 13 94 1C 7C 40 05 00 3D 42 B1 13 
94 1C 7C 40 05 00 3D 40 40 00 B1 13 94 1C 6C 42 
3D 40 10 00 B1 13 94 1C 5C 43 3D 40 FF 00 B1 13 
6C 19 6C 43 3D 40 BD 00 B1 13 6C 19 7C 40 03 00 
3D 40 F3 00 B1 13 6C 19 6C 42 3D 40 F7 00 B1 13 
6C 19 7C 40 05 00 3D 40 DF 00 B1 13 6C 19 7C 40 
06 00 3D 40 FF 00 B1 13 6C 19 7C 40 07 00 3D 40 
FF 00 B1 13 6C 19 7C 42 3D 40 FF 00 B1 13 6C 19 
7C 40 0D 00 3D 43 B1 13 6C 19 6C 43 2D 43 6E 43 
B1 13 E8 10 6C 43 1D 43 6E 43 B1 13 5A 11 6C 43 
3D 40 20 00 6E 43 B1 13 E8 10 6C 43 3D 40 40 00 
6E 43 B1 13 5A 11 7C 40 05 00 2D 43 5E 43 B1 13 
E8 10 7C 40 05 00 3D 40 05 00 5E 43 B1 13 5A 11 
7C 40 0D 00 3D 40 30 00 5E 43 B1 13 E8 10 B1 13 
FE 1E 10 01 B2 40 00 A5 60 01 1E 42 66 01 3F 40 
88 FF 1F F2 66 01 3F D0 22 00 82 4F 66 01 CF 0C 
0F 5D 82 4F 62 01 0D 93 82 24 2D 83 6F 24 2D 83 
5C 24 2D 83 49 24 2D 83 36 24 2D 83 24 24 2D 83 
11 24 0C 93 07 20 0D 14 3D 40 0A 00 1D 83 FE 23 
0D 16 73 3C 0D 14 3D 40 17 00 1D 83 FE 23 0D 16 
03 43 6B 3C 0C 93 07 20 0D 14 3D 40 0A 00 1D 83 
FE 23 0D 16 62 3C 0D 14 3D 40 17 00 1D 83 FE 23 
0D 16 03 43 5A 3C 0C 93 07 20 0D 14 3D 40 09 00 
1D 83 FE 23 0D 16 51 3C 0D 14 3D 40 15 00 1D 83 
FE 23 0D 16 4A 3C 0C 93 07 20 0D 14 3D 42 1D 83 
FE 23 0D 16 03 43 41 3C 0D 14 3D 40 10 00 1D 83 
FE 23 0D 16 00 3C 39 3C 0C 93 08 20 0D 14 3D 40 
06 00 1D 83 FE 23 0D 16 00 3C 2F 3C 0D 14 3D 40 
0A 00 1D 83 FE 23 0D 16 28 3C 0C 93 08 20 0D 14 
3D 40 06 00 1D 83 FE 23 0D 16 03 43 1E 3C 0D 14 
3D 40 09 00 1D 83 FE 23 0D 16 17 3C 0C 93 08 20 
0D 14 3D 40 05 00 1D 83 FE 23 0D 16 00 3C 0D 3C 
0D 14 3D 42 1D 83 FE 23 0D 16 03 43 06 3C 0D 14 
2D 42 1D 83 FE 23 0D 16 00 3C 82 4E 66 01 C2 43 
61 01 10 01 B1 00 24 00 6C 42 3D 40 10 00 B1 13 
B0 1C 0D 14 3D 40 32 82 1D 83 FE 23 0D 16 B1 13 
EC 1E 7C 40 82 00 B1 13 32 1D B1 13 98 1B 8C 00 
66 27 B1 13 20 1E 8C 00 66 27 4D 43 6E 43 B1 13 
12 1E 8C 00 66 27 3D 40 05 03 0E 43 B1 13 FC 14 
F1 40 14 00 00 00 8C 00 66 27 7D 40 30 00 7E 40 
30 00 7F 40 30 00 B1 13 58 1E 8C 00 66 27 5D 43 
B1 13 72 1E 8C 00 66 27 7D 40 36 00 7E 40 AC 00 
B1 13 76 1C 81 43 02 00 C1 43 04 00 C1 43 05 00 
F1 40 03 00 06 00 F1 40 03 00 07 00 D1 43 08 00 
F1 42 09 00 91 43 0A 00 D1 43 0C 00 C1 43 0D 00 
D1 43 0E 00 8C 00 66 27 CD 01 ED 03 B1 13 78 13 
B1 40 08 AC 1C 00 B1 40 C0 00 1E 00 F1 40 03 00 
20 00 C1 43 21 00 E1 43 22 00 E1 42 23 00 8C 00 
66 27 CD 01 AD 00 1C 00 B1 13 AA 09 F1 40 93 00 
10 00 F1 40 07 00 11 00 F1 40 05 00 12 00 D1 43 
13 00 D1 43 14 00 F1 40 05 00 15 00 C1 43 16 00 
81 43 18 00 B1 40 10 00 1A 00 8C 00 66 27 CD 01 
AD 00 10 00 B1 13 9E 14 6C 42 3D 42 5E 43 B1 13 
38 1A 6C 42 3D 42 B1 13 58 1C A1 00 24 00 10 01 
0A 14 CA 0C 00 18 CA 93 08 00 68 24 8A 93 00 00 
08 20 7C 40 C0 00 CF 0A AF 00 04 00 6F 13 9A 43 
00 00 3F 0A 08 00 9A 9F 04 00 10 00 3F 24 3E 0A 
08 00 1F 4A 10 00 1F 5E 02 00 0F 4F 00 18 5F 5A 
0C 00 6C 4F 2F 4A 1F 83 1B 24 1F 83 47 20 4C 4C 
3C 80 C0 00 0A 24 3C 80 1B 00 0D 20 7C 40 DD 00 
CF 0A AF 00 04 00 6F 13 06 3C 7C 40 DC 00 CF 0A 
AF 00 04 00 6F 13 9A 53 10 00 9A 43 00 00 2E 3C 
4F 4C 3F 80 C0 00 0A 24 3F 80 1B 00 07 24 CF 0A 
AF 00 04 00 6F 13 9A 53 10 00 20 3C AA 43 00 00 
7C 40 DB 00 AA 00 04 00 6A 13 18 3C 1F 43 2F 9A 
0C 24 3F 40 03 00 2F 9A 11 20 00 18 CA 43 08 00 
3F 0A 12 00 8F 43 00 00 09 3C 7C 40 C0 00 CF 0A 
AF 00 04 00 6F 13 BA 40 03 00 00 00 0A 16 10 01 
1A 14 B1 00 0A 00 82 93 74 27 63 20 8F 00 10 62 
A1 4F 00 00 91 4F 02 00 02 00 91 4F 04 00 04 00 
91 4F 06 00 06 00 4D 3C 3F 01 00 00 1A 4F 02 00 
3F 01 04 00 0F 0F 09 0F 0C 4A EC 09 AC 00 0C 00 
8D 00 30 62 2E 42 B1 13 04 1B 0C 93 36 20 3A 50 
1C 00 0F 4A EF 09 6F 4F 4F 4F 0F 93 26 24 1F 83 
1F 24 3F 80 03 00 09 24 3F 80 9F 00 22 20 32 C2 
03 43 3F 40 00 10 4F 13 1C 3C 40 18 D1 42 34 62 
08 00 CC 01 AC 00 08 00 1D 43 4E 43 B1 13 D4 1D 
3C 40 E0 FF 3D 40 20 00 5E 43 B1 13 D4 1D 09 3C 
5C 43 1D 43 B1 13 94 1C 04 3C 5C 43 1D 43 B1 13 
B0 1C 3F 01 00 00 AF 43 00 00 3C 01 04 00 B1 13 
88 1D 8C 00 50 27 0D 43 CE 01 B1 13 A6 12 4C 93 
AB 23 A1 00 0A 00 19 16 10 01 1A 14 D2 93 92 27 
5D 24 D2 43 92 27 1C 3C 5F 4A 08 00 0F 93 07 24 
1F 83 0A 20 6C 42 2D 43 B1 13 94 1C 05 3C 7C 40 
05 00 3D 42 B1 13 94 1C 00 18 CA 93 00 00 08 24 
1C 4A 04 00 00 18 5C 52 BC 26 1D 4A 06 00 6A 13 
8C 00 B4 26 B1 13 32 19 CA 0C DA 03 35 24 5F 4A 
08 00 0F 93 07 24 1F 83 0A 20 6C 42 2D 43 B1 13 
B0 1C 05 3C 7C 40 05 00 3D 42 B1 13 B0 1C 09 43 
19 9A 06 00 C9 2F CF 09 1F 5A 04 00 0F 4F 00 18 
5F 52 B8 26 6D 4F 3C 40 80 06 B1 13 66 1E 3C 40 
80 06 B1 13 96 1E 1C 93 FA 27 3C 40 80 06 B1 13 
A0 1E CF 09 1F 5A 04 00 0F 4F 00 18 5F 52 BC 26 
CF 4C 00 00 19 53 DC 3F C2 43 92 27 19 16 10 01 
1A 14 B1 00 0A 00 8F 00 18 62 A1 4F 00 00 91 4F 
02 00 02 00 91 4F 04 00 04 00 91 4F 06 00 06 00 
3A 3C 3F 01 00 00 1A 4F 02 00 3F 01 04 00 0F 0F 
09 0F 0C 4A EC 09 AC 00 0C 00 8D 00 30 62 2E 42 
B1 13 04 1B 0C 93 23 20 CF 0A 3F 50 1C 00 0F 4F 
EF 09 6F 4F 4F 4F 2F 83 0E 24 1F 83 14 20 40 18 
D1 42 36 62 08 00 CC 01 AC 00 08 00 1D 43 5E 43 
B1 13 D4 1D 08 3C 3A 50 1D 00 0D 4A 8C 00 8C 27 
2E 43 B1 13 9C 1D 3F 01 00 00 AF 43 00 00 3C 01 
04 00 B1 13 88 1D 8C 00 50 27 2D 43 CE 01 B1 13 
A6 12 4C 93 BE 23 A1 00 0A 00 19 16 10 01 1A 14 
B1 00 08 00 A2 93 90 27 49 24 B2 90 03 00 90 27 
45 24 92 93 56 27 42 24 8F 00 00 62 A1 4F 00 00 
91 4F 02 00 02 00 91 4F 04 00 04 00 91 4F 06 00 
06 00 04 3C 3C 01 04 00 B1 13 88 1D 8C 00 56 27 
0D 43 CE 01 B1 13 A6 12 4C 93 28 24 3F 01 00 00 
19 4F 02 00 3F 01 04 00 0F 0F 0A 0F 0C 49 EC 0A 
AC 00 0C 00 8D 00 30 62 2E 42 B1 13 04 1B 0C 93 
E1 27 92 43 56 27 3F 01 00 00 9F 43 00 00 00 18 
D2 41 00 00 78 27 0F 49 EF 0A 60 0F 5C 27 82 43 
60 27 82 93 90 27 02 24 B1 13 3E 14 A1 00 08 00 
19 16 10 01 1F 4C 02 00 2F 93 2C 28 2F 83 4A 20 
4D 4D 3D 80 DC 00 13 24 1D 83 21 20 3E 0C 16 00 
1D 4E 06 00 CF 0D 1F 53 8E 4F 06 00 0F 4D 3E 0C 
16 00 00 18 6F 5E FF 40 DB 00 00 00 10 3C 3E 0C 
16 00 1D 4E 06 00 CF 0D 1F 53 8E 4F 06 00 0F 4D 
3E 0C 16 00 00 18 6F 5E FF 40 C0 00 00 00 9C 43 
02 00 20 3C 4F 4D 3F 80 C0 00 16 24 3F 80 1B 00 
10 24 3E 0C 16 00 1B 4E 06 00 CF 0B 1F 53 8E 4F 
06 00 0F 4B 3E 0C 16 00 00 18 6F 5E CF 4D 00 00 
09 3C AC 43 02 00 06 3C 9C 43 02 00 3C 0C 16 00 
B1 13 0E 0E 10 01 0A 14 B1 00 06 00 CB 0D CA 0C 
F1 40 20 00 04 00 5F 4B 07 00 5F DB 05 00 7F D0 
58 00 C1 4F 05 00 1F 4B 02 00 44 19 0F 10 7F F0 
1F 00 5E 4B 06 00 44 18 4E 5E 4E DF C1 4E 03 00 
2C 4B 1D 4B 02 00 B1 13 86 18 C1 4C 02 00 2F 4B 
44 19 0F 10 C1 4F 01 00 3E 40 07 00 5E FB 04 00 
6F 4B 42 18 4F 5F 4E DF C1 4E 00 00 5E 41 03 00 
CC 0A 7D 42 B1 13 BC 18 5E 41 02 00 CC 0A 7D 40 
09 00 B1 13 BC 18 5E 41 01 00 CC 0A 7D 40 0A 00 
B1 13 BC 18 CC 0A 7D 40 0B 00 6E 41 B1 13 BC 18 
A1 00 06 00 0A 16 10 01 5B 43 9C D3 00 00 BC F0 
3F FF 00 00 6F 4D 8C DF 00 00 BC F0 FF DF 00 00 
9C DD 08 00 00 00 BC F0 FF F7 00 00 9C DD 0A 00 
00 00 5F 4D 06 00 0F 93 12 24 1F 83 09 24 1F 83 
11 20 BC D0 00 80 00 00 BC D0 00 40 00 00 0A 3C 
BC D0 00 80 00 00 BC F0 FF BF 00 00 03 3C BC F0 
FF 7F 00 00 CF 0C 3F 50 06 00 9F 4D 02 00 00 00 
5F 4D 05 00 5F 0E 5E 4D 04 00 0E 5F 5E 0E 5F 4D 
0E 00 0E 5F CF 0C 3F 52 8F 4E 00 00 BC F0 FF E8 
00 00 9C DD 0C 00 00 00 BC F0 C1 FF 00 00 CC 0B 
10 01 0A 14 B1 00 08 00 A2 93 90 27 3F 24 B2 90 
03 00 90 27 3B 24 92 93 56 27 38 24 8F 00 08 62 
A1 4F 00 00 91 4F 02 00 02 00 91 4F 04 00 04 00 
91 4F 06 00 06 00 02 3C B1 13 88 1D 8C 00 56 27 
1D 43 CE 01 B1 13 A6 12 4C 93 20 24 3F 01 00 00 
1D 4F 02 00 3C 01 04 00 0E 0C 0E 0E 0B 4D EB 0E 
2A 43 6A 9B E9 23 92 43 56 27 9F 43 00 00 00 18 
D2 41 00 00 78 27 0F 4D EF 0E 60 0F 5C 27 82 43 
60 27 82 93 90 27 02 24 B1 13 3E 14 A1 00 08 00 
0A 16 10 01 B1 00 08 00 82 93 3E 27 3D 20 8F 00 
F0 61 A1 4F 00 00 91 4F 02 00 02 00 91 4F 04 00 
04 00 91 4F 06 00 06 00 27 3C 3F 01 00 00 1E 4F 
02 00 3F 01 04 00 0F 0F 0F 0F 0C 4E EC 0F AC 00 
0C 00 8D 00 30 62 2E 42 B1 13 04 1B 0C 93 10 24 
3F 01 04 00 0F 0F 0E 0F 8C 00 38 26 3D 01 00 00 
B1 13 48 1D 3F 01 00 00 9F 43 00 00 92 43 3E 27 
3C 01 04 00 B1 13 88 1D 8C 00 3E 27 1D 43 CE 01 
B1 13 A6 12 4C 93 D1 23 A1 00 08 00 10 01 B1 00 
10 00 CC 01 8D 00 BA 61 3E 40 10 00 B1 13 9C 1D 
F1 40 80 00 00 00 A1 42 02 00 F1 40 05 00 04 00 
F1 40 55 00 05 00 C1 43 06 00 81 43 08 00 81 43 
0A 00 81 43 0C 00 D1 43 0E 00 3C 40 C0 05 CD 01 
B1 13 4C 0A 4C 93 1B 24 3C 40 C0 05 B1 13 F2 1E 
3C 40 C0 05 5D 43 B1 13 04 1E 3C 40 C0 05 7D 42 
B1 13 04 1E 3C 40 C0 05 5D 43 B1 13 BA 1B 3C 40 
C0 05 7D 42 B1 13 BA 1B 03 43 32 D2 03 43 A1 00 
10 00 10 01 B1 00 10 00 CC 01 8D 00 CA 61 3E 40 
10 00 B1 13 9C 1D F1 40 80 00 00 00 A1 42 02 00 
F1 40 05 00 04 00 F1 40 55 00 05 00 C1 43 06 00 
81 43 08 00 81 43 0A 00 81 43 0C 00 D1 43 0E 00 
3C 40 E0 05 CD 01 B1 13 4C 0A 4C 93 1B 24 3C 40 
E0 05 B1 13 F2 1E 3C 40 E0 05 5D 43 B1 13 04 1E 
3C 40 E0 05 7D 42 B1 13 04 1E 3C 40 E0 05 5D 43 
B1 13 BA 1B 3C 40 E0 05 7D 42 B1 13 BA 1B 03 43 
32 D2 03 43 A1 00 10 00 10 01 B1 00 08 00 8F 00 
F8 61 A1 4F 00 00 91 4F 02 00 02 00 91 4F 04 00 
04 00 91 4F 06 00 06 00 25 3C 3F 01 00 00 1D 4F 
02 00 3E 01 04 00 0E 0E 0C 0E 0E 4D EE 0C CE 93 
00 00 14 20 0D 4D ED 0C AD 00 01 00 1E 4F 04 00 
1E 83 8C 00 18 25 B1 13 9C 1D 3F 01 00 00 5E 4F 
04 00 5E 83 C2 4E 8E 27 AF 43 00 00 3C 01 04 00 
B1 13 88 1D 8C 00 50 27 1D 43 CE 01 B1 13 A6 12 
4C 93 D3 23 A1 00 08 00 10 01 B1 00 04 00 EC 03 
B1 13 02 1D 81 4C 00 00 81 4D 02 00 1F 42 90 27 
0F 93 21 24 1F 83 2F 93 2D 2C 2F 41 1E 41 02 00 
1F B3 0D 20 B1 B0 00 02 00 00 24 24 A2 43 90 27 
8C 00 66 27 8D 01 74 1D B1 13 8A 1E 1B 3C B2 40 
03 00 90 27 8C 00 66 27 8D 01 74 1D B1 13 8A 1E 
92 53 7E 27 0F 3C B1 B0 00 01 00 00 09 20 A1 B2 
00 00 08 24 82 93 56 27 05 20 B1 13 DC 13 02 3C 
B1 13 3E 14 A1 00 04 00 10 01 CB 0C 1F 4B 06 00 
1F 8B 08 00 39 24 1C 4B 0E 00 3D 40 06 00 B1 13 
1A 1D 0E 4C 00 18 5E 5B 0A 00 9E 4B 08 00 02 00 
1C 4B 0E 00 3D 40 06 00 B1 13 1A 1D 0E 4C 00 18 
5E 5B 0A 00 8E 4F 04 00 1C 4B 0E 00 3D 40 06 00 
B1 13 1A 1D 0F 4C 00 18 5F 5B 0A 00 8F 43 00 00 
1F 4B 04 00 1F 8B 06 00 3F 90 00 01 02 2C 8B 43 
06 00 9B 4B 06 00 08 00 9B 53 0E 00 9B 9B 10 00 
0E 00 02 20 8B 43 0E 00 10 01 BC F0 09 FC 00 00 
CF 0C 3F 50 20 00 0F 4F BF F0 F8 FF 00 00 CF 0C 
3F 50 20 00 0E 4F 3F 40 07 00 1F FD 02 00 8E DF 
00 00 1F 4D 0A 00 2F 5D 1F 5D 06 00 3E 40 F8 1F 
1E FD 02 00 5E 0A 0E 5F 8C DE 00 00 CD 93 0C 00 
03 24 BC D0 10 00 00 00 BD 90 10 00 08 00 07 24 
CF 0C 2F 53 0F 4F BF F0 EF FF 00 00 06 3C CF 0C 
2F 53 0F 4F BF D0 10 00 00 00 3C 50 12 00 9C 4D 
04 00 00 00 10 01 3A 14 CB 0E C8 0D CA 0C 37 01 
14 00 5C 4A 14 00 CE 0C 5E 53 CA 4E 14 00 4C 4C 
3D 40 0A 00 B1 13 1A 1D 4C 0E 4C 0D 00 18 6C 5A 
C9 0C DA 9A 0C 00 14 00 02 28 CA 43 14 00 79 08 
00 00 89 4F 06 00 C9 4B 08 00 1F 49 06 00 1F 5A 
16 00 8A 9F 0E 00 02 2C 8A 43 16 00 99 4A 16 00 
04 00 1C 4A 16 00 00 18 5C 5A 04 00 1E 49 06 00 
CD 07 B1 13 9C 1D 9A 59 06 00 16 00 37 16 10 01 
B1 00 08 00 82 93 3E 27 34 20 8F 00 20 62 A1 4F 
00 00 91 4F 02 00 02 00 91 4F 04 00 04 00 91 4F 
06 00 06 00 1E 3C 3D 01 00 00 1E 4D 02 00 3F 01 
04 00 0C 0F 0C 0C 0E 4E EE 0C 3C 40 03 00 6C 9E 
0C 20 0F 0F 0E 0F 8C 00 38 26 B1 13 48 1D 3F 01 
00 00 9F 43 00 00 92 43 3E 27 3C 01 04 00 B1 13 
88 1D 8C 00 3E 27 2D 43 CE 01 B1 13 A6 12 4C 93 
DA 23 A1 00 08 00 10 01 B1 00 08 00 82 93 44 27 
33 20 8F 00 28 62 A1 4F 00 00 91 4F 02 00 02 00 
91 4F 04 00 04 00 91 4F 06 00 06 00 1D 3C 3D 01 
00 00 1E 4D 02 00 3F 01 04 00 0C 0F 0C 0C 0E 4E 
EE 0C 1C 43 6C 9E 0C 20 0F 0F 0E 0F 8C 00 52 26 
B1 13 48 1D 3F 01 00 00 9F 43 00 00 92 43 44 27 
3C 01 04 00 B1 13 88 1D 8C 00 44 27 0D 43 CE 01 
B1 13 A6 12 4C 93 DB 23 A1 00 08 00 10 01 2A 14 
78 4C 09 43 14 3C 0B 4B CE 0D FE 0B BE 00 01 00 
AD 00 01 00 FD 4E FF FF 1F 83 FA 23 04 3C AD 00 
01 00 FD 4C FF FF 58 03 19 53 39 92 E9 37 18 B3 
F6 23 7B 4C 7F 4C CE 0B 5E 0E CB 0F 5B 0F 3B F0 
0F 00 0B DE 3F F0 0F 00 3F 50 03 00 3F 90 12 00 
0C 20 7E 4C 3E B0 80 00 07 24 7A 4C 3E F0 7F 00 
4A 4A 46 18 0A 5A 0E DA 0F 5E 3B 90 FF 0F CB 23 
28 16 10 01 4F 4C 5F 02 40 18 1F 4F 8C 61 5C B3 
02 20 4D 4D 8D 10 CC 0F 2C 52 0C 4C 8C CD 00 00 
4E 4E 1E 83 1C 24 1E 83 0E 24 1E 83 23 20 CE 0F 
3E 50 0A 00 0E 4E 8E DD 00 00 3F 50 0C 00 0F 4F 
8F DD 00 00 17 3C CE 0F 3E 50 0A 00 0E 4E 8E CD 
00 00 3F 50 0C 00 0F 4F 8F DD 00 00 0B 3C CE 0F 
3E 50 0A 00 0E 4E 8E DD 00 00 3F 50 0C 00 0F 4F 
8F CD 00 00 10 01 4F 4C 5F 02 40 18 1F 4F 8C 61 
5C B3 02 20 4D 4D 8D 10 CC 0F 2C 52 0C 4C 8C DD 
00 00 4E 4E 1E 83 1C 24 1E 83 0E 24 1E 83 23 20 
CE 0F 3E 50 0A 00 0E 4E 8E DD 00 00 3F 50 0C 00 
0F 4F 8F DD 00 00 17 3C CE 0F 3E 50 0A 00 0E 4E 
8E CD 00 00 3F 50 0C 00 0F 4F 8F DD 00 00 0B 3C 
CE 0F 3E 50 0A 00 0E 4E 8E DD 00 00 3F 50 0C 00 
0F 4F 8F CD 00 00 10 01 8C 00 66 27 B1 13 7E 1E 
8C 00 66 27 B1 13 AA 1E 7C 40 03 00 3D 40 10 00 
B1 13 B0 1C 6C 42 2D 42 B1 13 94 1C 6C 42 1D 43 
B1 13 B0 1C 7C 40 03 00 3D 40 20 00 B1 13 94 1C 
1E 14 3D 40 3C 82 3E 40 0E 00 1D 83 0E 73 FD 23 
0D 93 FB 23 1D 16 8C 00 66 27 8D 01 8E 0D B1 13 
4A 1E 8C 00 66 27 B1 13 3C 1E 8C 00 66 27 B1 13 
BE 1E 82 43 90 27 10 01 B2 40 00 A5 60 01 1F 42 
66 01 4C 4C 1C 83 1C 24 1C 83 0F 24 2C 83 26 20 
B2 F0 8F FF 64 01 5D 0E 82 DD 64 01 5E 0E 3F F0 
8F FF 0E DF 82 4E 66 01 19 3C B2 F0 F8 FF 64 01 
82 DD 64 01 3F F0 F8 FF 0E DF 82 4E 66 01 0E 3C 
B2 F0 FF F8 64 01 4D 4D 8D 10 82 DD 64 01 4E 4E 
8E 10 3F F0 FF F8 0E DF 82 4E 66 01 C2 43 61 01 
10 01 1A 14 CA 0E C9 0C CC 0D 3C B0 00 80 0D 7D 
3D E3 3E 40 06 00 0F 43 B1 13 74 1B 0F 18 4D 5D 
00 18 4D DC 00 18 5D 59 02 00 CB 0D 03 3C CC 0B 
B1 13 88 1D 0F 0B 9B 9F 0E 00 04 00 02 20 4C 43 
13 3C 1C 4B 04 00 3D 40 06 00 B1 13 1A 1D 0F 4C 
0E 0B 00 18 5F 5E 0A 00 8F 93 00 00 E8 23 7A 0F 
00 00 7A 0B 04 00 5C 43 19 16 10 01 B1 00 08 00 
92 93 74 27 2C 20 82 93 3E 27 29 20 8F 00 E8 61 
A1 4F 00 00 91 4F 02 00 02 00 91 4F 04 00 04 00 
91 4F 06 00 06 00 8C 00 3E 27 0D 43 CE 01 B1 13 
A6 12 4C 93 14 24 3F 01 04 00 0F 0F 0E 0F 8C 00 
38 26 3D 01 00 00 B1 13 48 1D 3F 01 00 00 9F 43 
00 00 92 43 3E 27 3C 01 04 00 B1 13 88 1D A1 00 
08 00 10 01 3A 14 C8 0C 5E 4D 07 00 59 4D 04 00 
41 18 49 59 59 DD 05 00 49 59 59 DD 06 00 5A 4D 
08 00 44 18 4A 5A 5F 4D 0A 00 43 18 4F 5F 4A DF 
5A DD 0B 00 57 4D 0C 00 7D 40 32 00 B1 13 BC 18 
CC 08 7D 40 32 00 CE 09 B1 13 BC 18 CC 08 7D 40 
33 00 CE 0A B1 13 BC 18 CC 08 7D 40 4F 00 CE 07 
B1 13 BC 18 37 16 10 01 8C 00 66 27 B1 13 7E 1E 
8C 00 66 27 B1 13 AA 1E 8C 00 66 27 B1 13 C8 1E 
7C 40 03 00 3D 40 20 00 B1 13 B0 1C 6C 42 1D 43 
B1 13 94 1C 6C 42 2D 42 B1 13 B0 1C 7C 40 03 00 
3D 40 10 00 B1 13 94 1C 8C 00 66 27 B1 13 2E 1E 
8C 00 66 27 B1 13 B4 1E 8C 00 66 27 8D 01 8E 0D 
B1 13 4A 1E 92 43 90 27 10 01 0A 14 00 18 C2 93 
78 27 29 24 2F 00 78 27 1A 4F 04 00 82 93 60 27 
1F 20 CE 0A 8E 10 4E 4E 4E 4E 8C 00 66 27 7D 40 
34 00 B1 13 BC 18 4E 4A 8C 00 66 27 7D 40 35 00 
B1 13 BC 18 CC 0A B1 13 5E 17 82 93 90 27 05 20 
8C 00 66 27 B1 13 BE 1E 06 3C B1 13 CC 11 03 3C 
CC 0A B1 13 5E 17 0A 16 10 01 3A 14 C8 0C 5E 4D 
06 00 5E DD 01 00 5E DD 08 00 5E DD 0A 00 67 4D 
59 4D 03 00 43 18 49 59 59 DD 02 00 5A 4D 04 00 
43 18 4A 5A 5A DD 05 00 7D 40 1B 00 B1 13 BC 18 
CC 08 7D 40 1A 00 CE 07 B1 13 BC 18 CC 08 7D 40 
1C 00 CE 09 B1 13 BC 18 CC 08 7D 40 1D 00 CE 0A 
B1 13 BC 18 37 16 10 01 1A 14 B1 00 04 00 CA 0D 
CB 0E C9 0C 0F 43 2F 92 1A 34 CD 0F 5D 0A 3C 40 
FF 00 B1 13 D2 1E 3C B0 00 80 0D 7D 3D E3 0C FA 
0D FB CE 0F 5E 0A B1 13 F4 1D CD 0F 4D 0E 4D 0D 
CE 01 FE 0D CE 4C 03 00 1F 53 2F 92 E6 3B CC 09 
7D 40 90 00 CE 01 6F 42 B1 13 B4 16 A1 00 04 00 
19 16 10 01 B1 00 12 00 CC 01 8D 00 A8 61 3E 40 
12 00 B1 13 9C 1D F1 40 80 00 00 00 B1 40 00 12 
02 00 B1 40 7A 00 04 00 80 1F F1 40 40 42 06 00 
B1 40 00 20 0A 00 B1 40 00 80 0C 00 81 43 0E 00 
81 43 10 00 3C 40 80 06 CD 01 B1 13 08 16 3C 40 
80 06 B1 13 F8 1E A1 00 12 00 10 01 0A 14 09 14 
09 43 0A 43 1B 43 0F 93 04 24 09 4D 0D 4C 0C 43 
0D 3C 5C 02 0D 6D 09 69 09 8E 04 28 1C D3 5B 02 
F8 2B 03 3C 09 5E 5B 02 F4 2B 1B 43 5C 02 0D 6D 
09 69 0A 6A 09 8E 0A 7F 04 28 1C D3 5B 02 F6 2B 
04 3C 09 5E 0A 6F 5B 02 F1 2B 0E 49 0F 4A 09 16 
0A 16 10 01 1A 14 CA 0D C9 0C 99 D3 00 00 B9 F0 
FF 00 00 00 B9 F0 3F FF 00 00 6F 4A 89 DF 00 00 
1C 4A 02 00 1D 4A 04 00 1E 4A 06 00 1F 4A 08 00 
B1 13 B0 15 CF 09 3F 50 06 00 8F 4C 00 00 1F 4A 
0C 00 1F 5A 0A 00 1F 5A 0E 00 1F 5A 10 00 3F 50 
00 09 89 DF 00 00 19 16 10 01 B1 00 04 00 F1 40 
14 00 00 00 B1 40 C8 00 02 00 8C 00 B4 26 8D 00 
C8 22 8E 00 90 23 8F 00 00 22 B1 13 D4 19 B1 13 
58 15 80 18 F2 40 04 1F 66 27 80 18 F2 40 DE 1A 
6A 27 80 18 F2 40 5E 1D 6E 27 8C 00 66 27 B1 13 
14 1F B1 13 F8 03 B1 13 DC 13 A1 00 04 00 10 01 
3A 14 C8 0F C7 0E C9 0D CA 0C 6A 13 4C 43 CF 0A 
AF 00 08 00 6F 13 CA 4C 0C 00 CC 09 CF 0A AF 00 
08 00 6F 13 CA 4C 0D 00 09 43 4F 48 09 9F 0D 34 
CF 09 4F 0E 4F 0D EF 07 6C 4F CF 0A AF 00 08 00 
6F 13 19 53 4F 48 09 9F F3 3B 0C 43 AA 00 04 00 
6A 13 37 16 10 01 2A 14 40 18 1A 42 5C 01 40 18 
B2 40 80 5A 5C 01 8F 00 48 62 9F 00 54 62 13 24 
89 00 5A 62 88 00 6A 62 0C 3C 0C 09 7F 4C 5F 06 
00 18 5F 4F 48 62 A9 00 04 00 0D 09 4F 13 A9 00 
04 00 D9 08 F2 23 7A C2 3A D0 08 5A 40 18 82 4A 
5C 01 B1 13 16 1F 28 16 10 01 1A 14 C9 0C CF 09 
1F 82 60 27 3F 90 28 00 04 2C CA 09 1A 82 60 27 
02 3C 3A 40 28 00 1E 42 60 27 00 18 5E 52 5C 27 
4F 4A 8C 00 66 27 7D 43 B1 13 B4 16 82 5A 60 27 
82 99 60 27 08 20 92 53 7C 27 2F 00 78 27 AF 43 
00 00 82 43 56 27 19 16 10 01 B1 00 0E 00 B2 40 
80 5A 5C 01 B1 13 6A 01 B1 13 3A 18 CC 01 8D 00 
DA 61 3E 40 0E 00 B1 13 9C 1D 3C 40 40 03 CD 01 
B1 13 8E 0E B1 13 00 00 0D 14 3D 40 4A 01 1D 83 
FE 23 0D 16 B1 13 5E 16 B1 13 92 1A FD 3F 03 43 
3A 14 C7 0F C8 0E C9 0D CA 0C 6A 13 5C 43 CF 0A 
AF 00 08 00 6F 13 CC 09 CF 0A AF 00 08 00 6F 13 
09 43 4F 48 09 9F 09 34 4C 43 CF 0A AF 00 08 00 
6F 13 19 53 4F 48 09 9F F7 3B CC 07 AA 00 04 00 
6A 13 37 16 10 01 0C 43 3D 40 0C 00 B1 13 B8 02 
3C 40 00 80 0D 43 0E 43 0F 43 B1 13 B0 1D 5C 43 
0D 43 0E 43 B1 13 3C 12 6C 42 3D 40 03 00 0E 43 
B1 13 3C 12 6C 43 3D 40 03 00 0E 43 B1 13 3C 12 
3C 40 C0 00 B1 13 F8 18 10 01 5D 03 5C 00 5D 03 
5C 00 5D 03 5C 00 5D 03 5C 00 5D 03 5C 00 5D 03 
5C 00 5D 03 5C 00 5D 03 5C 00 5D 03 5C 00 5D 03 
5C 00 5D 03 5C 00 5D 03 5C 00 5D 03 5C 00 5D 03 
5C 00 5D 03 5C 00 10 01 2A 14 C9 0E C8 0D CA 0C 
6A 13 4C 43 CF 0A AF 00 08 00 6F 13 CA 4C 0C 00 
CC 08 CF 0A AF 00 08 00 6F 13 CA 4C 0D 00 CC 09 
CF 0A AF 00 08 00 6F 13 0C 43 AA 00 04 00 6A 13 
28 16 10 01 B2 40 00 A5 60 01 92 C3 68 01 B2 D0 
C0 00 68 01 B2 F0 EF FF 68 01 04 3C D2 C3 6A 01 
E2 C3 02 01 D2 B3 6A 01 F9 23 3F 40 3F FF 1F F2 
68 01 0C DF 82 4C 68 01 C2 43 61 01 10 01 CF 0C 
DF 9F 14 00 10 00 02 20 0C 43 15 3C 5C 4F 10 00 
CE 0C 5E 53 CF 4E 10 00 4C 4C 3D 40 0A 00 B1 13 
1A 1D 4C 0E 4C 0D 00 18 6C 5F DF 9F 0C 00 10 00 
02 28 CF 43 10 00 10 01 4F 4C 5F 02 40 18 1F 4F 
8C 61 5C B3 02 20 4D 4D 8D 10 CE 0F 3E 50 0A 00 
0E 4E 8E CD 00 00 CE 0F 3E 50 0C 00 0E 4E 8E CD 
00 00 2F 52 0F 4F 8F DD 00 00 10 01 2A 14 C9 0E 
C8 0D CA 0C 6A 13 5C 43 CF 0A AF 00 08 00 6F 13 
CC 08 CF 0A AF 00 08 00 6F 13 4C 43 CF 0A AF 00 
08 00 6F 13 CC 09 AA 00 04 00 6A 13 28 16 10 01 
0A 14 1B 41 0A 00 5A 41 08 00 7C 0D 00 00 7C 0E 
04 00 7C 0F 08 00 CC 4A 0C 00 8C 4B 0E 00 CC 43 
10 00 8C 43 12 00 CC 43 14 00 8C 43 16 00 0A 16 
10 01 1A 14 C9 0D CA 0C 6A 13 7C 40 80 00 CF 0A 
AF 00 08 00 6F 13 CA 4C 0C 00 CC 09 CF 0A AF 00 
08 00 6F 13 CA 4C 0D 00 0C 43 AA 00 04 00 6A 13 
19 16 10 01 4F 4C 5F 02 40 18 1F 4F 8C 61 5C B3 
02 20 4D 4D 8D 10 4E 93 06 20 3F 50 18 00 0F 4F 
8F CD 00 00 05 3C 3F 50 18 00 0F 4F 8F DD 00 00 
10 01 B2 40 00 A5 A0 05 3F 40 00 06 82 4F A6 05 
3F 40 00 06 82 4F A4 05 3F 40 13 15 82 4F A8 05 
3F 40 01 A5 82 4F A0 05 C2 43 A1 05 10 01 B1 13 
E6 0A B1 13 62 08 B1 13 84 0F B1 13 78 0B B1 13 
14 06 B1 13 B4 07 B1 13 10 13 B1 13 FC 0F B1 13 
0E 0D 10 01 8C 43 00 00 8C 43 02 00 7C 0D 04 00 
00 18 CC 43 08 00 00 18 CC 43 0C 00 8C 43 10 00 
7C 0E 12 00 7C 0F 16 00 10 01 B1 00 04 00 CD 0C 
00 18 F1 40 98 25 00 00 5F 42 64 27 8C 00 B4 26 
4E 43 B1 13 0A 0F B1 13 EE 06 A1 00 04 00 10 01 
0E 93 02 20 0C 43 10 01 CF 0C 6B 4D 6C 4F 4C 9B 
06 20 AF 00 01 00 AD 00 01 00 1E 83 F6 23 4B 4B 
4C 4C 0C 8B 10 01 2A 14 C8 0F C9 0E CA 0C 1C 4A 
06 00 00 18 6C 5A B1 13 9C 1D 8A 59 06 00 48 93 
03 24 CC 0A B1 13 0E 0E 28 16 10 01 1F 4C 01 00 
1E 4C 03 00 0E 93 02 20 0F 93 09 24 AD 00 01 00 
CD 43 FF FF 1F 83 0E 73 F9 23 0F 93 F7 23 10 01 
02 12 32 C2 03 43 82 4C D0 04 82 4D D2 04 82 4E 
E0 04 82 4F E2 04 1C 42 E4 04 1D 42 E6 04 32 41 
03 43 10 01 B1 00 04 00 00 18 F1 40 98 25 00 00 
5F 42 64 27 8C 00 B4 26 0D 43 5E 43 B1 13 0A 0F 
A1 00 04 00 10 01 3F 40 0F 00 4F FD CE 0C 3E 50 
1A 00 0E 4E 4F 4F 8E DF 00 00 3F 40 30 00 4F FD 
4F 4F 8C DF 00 00 10 01 4F 4C 5F 02 40 18 1F 4F 
8C 61 5C B3 05 24 3F 50 1C 00 2C 4F 0C FD 04 3C 
3F 50 1D 00 6C 4F 0C FD 10 01 1A 14 CA 0D C9 0C 
B1 13 02 0C 8C 00 38 26 8D 01 DC 1E CE 09 CF 0A 
B1 13 B8 1A 19 16 10 01 1A 14 CA 0D C9 0C B1 13 
88 0C 8C 00 52 26 8D 01 E4 1E CE 09 CF 0A B1 13 
B8 1A 19 16 10 01 4F 4C 5F 02 40 18 1F 4F 8C 61 
5C B3 02 20 4D 4D 8D 10 3F 50 1C 00 0F 4F 8F CD 
00 00 10 01 4F 4C 5F 02 40 18 1F 4F 8C 61 5C B3 
02 20 4D 4D 8D 10 3F 50 1A 00 0F 4F 8F DD 00 00 
10 01 1A 14 C9 0D CA 0C 7D 40 0D 00 B1 13 BC 18 
CC 0A 7D 40 07 00 CE 09 B1 13 BC 18 19 16 10 01 
4F 4C 5F 02 40 18 1F 4F 8C 61 5C B3 02 20 4D 4D 
8D 10 2F 53 0F 4F 8F DD 00 00 10 01 4F 4C 5F 02 
40 18 1F 4F 8C 61 5C B3 02 20 4D 4D 8D 10 2F 53 
0F 4F 8F CD 00 00 10 01 4F 4C 5F 02 40 18 1F 4F 
8C 61 5C B3 02 20 4D 4D 8D 10 2F 53 0F 4F 8F ED 
00 00 10 01 4E 43 B2 90 03 00 90 27 03 20 92 43 
90 27 5E 43 EC 03 2D 83 B1 13 E4 1D 10 01 5F 4C 
02 00 47 18 0F 5F 5C 4C 03 00 0C DF 3C B0 00 80 
0D 7D 3D E3 10 01 02 12 32 C2 03 43 82 4C C0 04 
82 4D C8 04 1C 42 CA 04 32 41 03 43 10 01 5F 42 
64 27 CE 0F 5E 53 C2 4E 64 27 4F 4F CF 4C 98 25 
4C 43 10 01 7C 0D 08 00 7C 0E 0C 00 8C 43 10 00 
8C 43 00 00 B1 13 34 05 10 01 5F 42 64 27 CE 0F 
5E 53 C2 4E 64 27 4F 4F CF 4C 98 25 4C 43 10 01 
5E 4C 02 00 8C 00 66 27 7D 43 8F 01 E8 1C B1 13 
F4 17 10 01 9C 53 04 00 0F 0C 9C 9F 10 00 04 00 
02 20 8C 43 04 00 10 01 0E 93 07 24 CF 0C AF 00 
01 00 FF 4D FF FF 1E 83 FA 23 10 01 82 4C 80 27 
82 4D 82 27 82 4E 84 27 82 4F 86 27 10 01 CF 0C 
CC 0D CD 0F AD 00 05 00 1E 4F 01 00 80 01 9C 1D 
CF 0E CE 0D CD 0C 8C 00 F0 26 B1 13 2A 1B 10 01 
CF 0E CE 0D CD 0C 8C 00 14 27 B1 13 2A 1B 10 01 
3E F0 1F 00 04 24 5D 03 5C 00 1E 83 FC 23 10 01 
3C 50 1C 00 0F 4C 4D 4D 8F CD 00 00 10 01 3F 40 
05 00 4F 8D CD 0F B1 13 BC 18 10 01 7D 40 A4 00 
7E 40 2C 00 B1 13 BC 18 10 01 7D 40 52 00 7E 40 
0A 00 B1 13 BC 18 10 01 7D 40 52 00 7E 40 09 00 
B1 13 BC 18 10 01 CF 0D 7D 40 FA 00 6E 42 B1 13 
F4 17 10 01 5E 41 04 00 7D 40 41 00 B1 13 BC 18 
10 01 4D 4D 3C 50 0E 00 8C 4D 00 00 10 01 CE 0D 
7D 40 10 00 B1 13 BC 18 10 01 7D 40 52 00 7E 42 
B1 13 BC 18 10 01 CE 0D 7D 40 E7 00 B1 13 A0 19 
10 01 3C 52 1F 43 2F FC CC 0F 10 01 3C 50 0C 00 
2C 4C 4C 4C 10 01 7D 40 67 00 B1 13 06 1A 10 01 
7D 40 61 00 B1 13 06 1A 10 01 7D 40 60 00 B1 13 
06 1A 10 01 7D 40 72 00 B1 13 06 1A 10 01 1D 83 
02 30 CD 18 0C 5C 10 01 4C 4C 82 4C CE 05 10 01 
4C 4C 82 4C EE 05 10 01 C2 43 64 27 10 01 9C C3 
00 00 10 01 9C C3 00 00 10 01 92 C3 30 01 10 01 
C2 43 64 27 10 01 03 43 FF 3F 03 43 1C 43 10 01 
10 01 10 01 
q
